[gd_scene load_steps=8 format=3 uid="uid://cdy6h7jf7vfn"]

[ext_resource type="Script" path="res://Enemy/Enemy.gd" id="1_58y1i"]
[ext_resource type="PackedScene" uid="uid://dll3md5b5ql3s" path="res://Player/rig.tscn" id="2_ciwx7"]
[ext_resource type="Script" path="res://Player/AttackCast.gd" id="3_6sy08"]
[ext_resource type="PackedScene" uid="uid://dyi76ppuxawf8" path="res://Player/area_attack.tscn" id="4_3s0wc"]
[ext_resource type="PackedScene" uid="uid://heag0q14bpcw" path="res://Components/health_component.tscn" id="4_smaun"]

[sub_resource type="CapsuleShape3D" id="CapsuleShape3D_r2qib"]

[sub_resource type="CapsuleShape3D" id="CapsuleShape3D_2kt5s"]

[node name="Enemy" type="CharacterBody3D"]
collision_layer = 9
script = ExtResource("1_58y1i")

[node name="CollisionShape3D" type="CollisionShape3D" parent="."]
shape = SubResource("CapsuleShape3D_r2qib")

[node name="RigPivot" type="Node3D" parent="."]
transform = Transform3D(1, 0, 0, 0, 1, 0, 0, 0, 1, 0, -1, 0)

[node name="Rig" parent="RigPivot" instance=ExtResource("2_ciwx7")]

[node name="Skeleton3D" parent="RigPivot/Rig/CharacterRig/GameRig" index="0"]
bones/0/position = Vector3(4.44089e-15, 0.908961, -0.0481736)
bones/2/rotation = Quaternion(0.00587985, -0.000290933, 0.00321164, 0.999978)
bones/3/rotation = Quaternion(-0.0894755, -0.000288826, 0.00852429, 0.995953)
bones/4/rotation = Quaternion(0.270785, 1.45248e-08, 9.16192e-08, 0.96264)
bones/6/rotation = Quaternion(-0.164106, -1.17886e-07, -1.77956e-08, 0.986443)
bones/7/position = Vector3(-2.62601e-08, 0.908961, -0.0481735)
bones/8/position = Vector3(-7.88087e-08, 0.908961, -0.0481735)
bones/9/position = Vector3(0.131144, 0.975165, -0.0351291)
bones/9/rotation = Quaternion(0.99414, 0.0203041, -0.031221, 0.101479)
bones/11/rotation = Quaternion(0.397407, -0.00069586, 0.000301493, 0.917642)
bones/13/rotation = Quaternion(-0.74178, 0.0118492, 0.0243642, 0.670096)
bones/15/position = Vector3(-0.131144, 0.975165, -0.0351291)
bones/15/rotation = Quaternion(0.975566, -0.00532727, 0.0276378, 0.217896)
bones/17/rotation = Quaternion(0.423374, 0.00316812, -0.00148067, 0.905948)
bones/19/rotation = Quaternion(-0.679117, -0.0281438, -0.00137801, 0.733489)
bones/21/position = Vector3(0.0251286, 1.43861, 0.0467463)
bones/21/rotation = Quaternion(-0.472634, -0.266404, -0.415185, 0.730252)
bones/22/position = Vector3(0.19119, 1.47731, -0.011274)
bones/22/rotation = Quaternion(0.0239868, -0.163614, 0.975421, -0.14563)
bones/23/rotation = Quaternion(4.84733e-08, -0.0369637, 3.61213e-08, 0.999317)
bones/24/rotation = Quaternion(0.346694, -0.0369644, -0.0216433, 0.937)
bones/46/position = Vector3(-0.0113635, 1.43861, 0.0467463)
bones/46/rotation = Quaternion(-0.474905, 0.260176, 0.411435, 0.733141)
bones/47/position = Vector3(-0.176442, 1.47759, -0.0138331)
bones/47/rotation = Quaternion(-0.0171947, -0.146642, 0.975962, 0.16031)
bones/48/rotation = Quaternion(-9.42031e-08, 0.0528038, -1.00645e-07, 0.998605)
bones/49/rotation = Quaternion(0.386639, 0.0528041, 0.0281482, 0.920288)
bones/71/position = Vector3(0.127191, 1.35931, -0.0246463)
bones/71/rotation = Quaternion(2.02111e-08, 0.599852, 0.800111, -4.59118e-08)
bones/72/position = Vector3(-0.113426, 1.35931, -0.0246463)
bones/72/rotation = Quaternion(2.02112e-08, 0.599852, 0.800111, -4.59117e-08)

[node name="Knight_02" parent="RigPivot/Rig/CharacterRig/GameRig/Skeleton3D" index="1"]
visible = false

[node name="Villager_01" parent="RigPivot/Rig/CharacterRig/GameRig/Skeleton3D" index="2"]
visible = true

[node name="AnimationPlayer" parent="RigPivot/Rig/CharacterRig" index="1"]
autoplay = ""

[node name="RightHandBone" parent="RigPivot/Rig" index="2"]
transform = Transform3D(-0.962344, -0.270796, -0.0237207, 0.223392, -0.837555, 0.498595, -0.154885, 0.474521, 0.86651, -0.350258, 1.00947, 0.0240487)

[node name="LeftHandBone" parent="RigPivot/Rig" index="3"]
transform = Transform3D(-0.970514, 0.239104, 0.0305256, -0.210177, -0.901421, 0.378504, 0.118019, 0.360928, 0.925096, 0.348001, 0.992645, -0.01136)

[node name="RayAttachment" type="BoneAttachment3D" parent="RigPivot/Rig"]
transform = Transform3D(-0.962344, -0.270796, -0.0237207, 0.223392, -0.837555, 0.498595, -0.154885, 0.474521, 0.86651, -0.350258, 1.00947, 0.0240487)
bone_name = "DEF-hand.R"
bone_idx = 51
use_external_skeleton = true
external_skeleton = NodePath("../CharacterRig/GameRig/Skeleton3D")

[node name="AttackCast" type="RayCast3D" parent="RigPivot/Rig/RayAttachment"]
unique_name_in_owner = true
transform = Transform3D(-3.8097e-09, 4.35451e-08, 1, 0.996196, 0.0871558, -4.42399e-16, -0.0871559, 0.996195, -4.37115e-08, -0.03, 0.075, -0.05)
target_position = Vector3(0, 1, 0)
script = ExtResource("3_6sy08")

[node name="PlayerDetector" type="ShapeCast3D" parent="RigPivot/Rig"]
transform = Transform3D(1, 0, 0, 0, 1, 0, 0, 0, 1, 0, 1, 0)
shape = SubResource("CapsuleShape3D_2kt5s")
target_position = Vector3(0, 0, 1)
collision_mask = 4

[node name="AreaAttack" parent="RigPivot/Rig" instance=ExtResource("4_3s0wc")]
transform = Transform3D(1, 0, 0, 0, 1, 0, 0, 0, 1, 0, 1, 1)
collision_mask = 4

[node name="HealthComponent" parent="." instance=ExtResource("4_smaun")]

[connection signal="heavy_attack" from="RigPivot/Rig" to="." method="_on_rig_heavy_attack"]
[connection signal="defeat" from="HealthComponent" to="." method="_on_health_component_defeat"]

[editable path="RigPivot/Rig"]
[editable path="RigPivot/Rig/CharacterRig"]
