[gd_scene load_steps=8 format=3 uid="uid://cdy6h7jf7vfn"]

[ext_resource type="Script" path="res://Enemy/Enemy.gd" id="1_58y1i"]
[ext_resource type="PackedScene" uid="uid://dll3md5b5ql3s" path="res://Player/rig.tscn" id="2_ciwx7"]
[ext_resource type="Script" path="res://Player/AttackCast.gd" id="3_6sy08"]
[ext_resource type="PackedScene" uid="uid://dyi76ppuxawf8" path="res://Player/area_attack.tscn" id="4_3s0wc"]
[ext_resource type="PackedScene" uid="uid://heag0q14bpcw" path="res://Components/health_component.tscn" id="4_smaun"]

[sub_resource type="CapsuleShape3D" id="CapsuleShape3D_r2qib"]

[sub_resource type="CapsuleShape3D" id="CapsuleShape3D_2kt5s"]

[node name="Enemy" type="CharacterBody3D"]
collision_layer = 9
script = ExtResource("1_58y1i")

[node name="HealthComponent" parent="." node_paths=PackedStringArray("body") instance=ExtResource("4_smaun")]
body = NodePath("..")

[node name="CollisionShape3D" type="CollisionShape3D" parent="."]
shape = SubResource("CapsuleShape3D_r2qib")

[node name="RigPivot" type="Node3D" parent="."]
transform = Transform3D(1, 0, 0, 0, 1, 0, 0, 0, 1, 0, -1, 0)

[node name="Rig" parent="RigPivot" instance=ExtResource("2_ciwx7")]

[node name="Skeleton3D" parent="RigPivot/Rig/CharacterRig/GameRig" index="0"]
bones/0/position = Vector3(3.37508e-15, 0.892708, -0.0481736)
bones/2/rotation = Quaternion(-0.00463176, -0.000461298, 0.00321572, 0.999984)
bones/3/rotation = Quaternion(-0.098959, -0.000412147, 0.00851838, 0.995055)
bones/4/rotation = Quaternion(0.279384, 1.40974e-08, 9.66766e-08, 0.960179)
bones/6/rotation = Quaternion(-0.153261, -1.18235e-07, -1.54678e-08, 0.988186)
bones/7/position = Vector3(-4.07428e-08, 0.892708, -0.0481734)
bones/8/position = Vector3(-6.40012e-08, 0.892708, -0.0481735)
bones/9/position = Vector3(0.131144, 0.958912, -0.0351291)
bones/9/rotation = Quaternion(0.992556, 0.0211024, -0.0308416, 0.115917)
bones/11/rotation = Quaternion(0.430039, -0.000700619, 0.000333892, 0.90281)
bones/13/rotation = Quaternion(-0.755797, 0.011901, 0.0244271, 0.654243)
bones/15/position = Vector3(-0.131144, 0.958912, -0.0351291)
bones/15/rotation = Quaternion(0.972133, -0.00598057, 0.027184, 0.232773)
bones/17/rotation = Quaternion(0.453468, 0.00334604, -0.00170253, 0.891265)
bones/19/rotation = Quaternion(-0.692177, -0.0282136, -0.000447636, 0.721176)
bones/21/position = Vector3(0.0251286, 1.42313, 0.0408641)
bones/21/rotation = Quaternion(-0.500172, -0.2551, -0.395041, 0.727114)
bones/22/position = Vector3(0.187533, 1.4592, -0.0281529)
bones/22/rotation = Quaternion(0.0587158, -0.158323, 0.973948, -0.151366)
bones/23/rotation = Quaternion(3.37204e-08, -0.00873406, -2.38509e-08, 0.999962)
bones/24/rotation = Quaternion(0.282349, -0.00870792, -0.0169774, 0.959122)
bones/46/position = Vector3(-0.0113635, 1.42313, 0.0408641)
bones/46/rotation = Quaternion(-0.52451, 0.20562, 0.361045, 0.743139)
bones/47/position = Vector3(-0.163134, 1.4594, -0.0490786)
bones/47/rotation = Quaternion(-0.0963666, -0.133144, 0.971345, 0.171685)
bones/48/rotation = Quaternion(1.10866e-07, -0.000891894, 1.09355e-07, 1)
bones/49/rotation = Quaternion(0.31268, -0.000891513, 0.0286293, 0.949426)
bones/71/position = Vector3(0.127191, 1.34075, -0.0269403)
bones/71/rotation = Quaternion(1.90049e-08, 0.617466, 0.786598, -4.6581e-08)
bones/72/position = Vector3(-0.113426, 1.34075, -0.0269403)
bones/72/rotation = Quaternion(1.90049e-08, 0.617466, 0.786598, -4.65809e-08)

[node name="Knight_02" parent="RigPivot/Rig/CharacterRig/GameRig/Skeleton3D" index="1"]
visible = false

[node name="Villager_01" parent="RigPivot/Rig/CharacterRig/GameRig/Skeleton3D" index="2"]
visible = true

[node name="AnimationPlayer" parent="RigPivot/Rig/CharacterRig" index="1"]
autoplay = ""

[node name="RightHandBone" parent="RigPivot/Rig" index="2"]
transform = Transform3D(-0.962344, -0.270797, -0.0237209, 0.24611, -0.905006, 0.346977, -0.115428, 0.328074, 0.937573, -0.33695, 0.973846, -0.0475234)

[node name="LeftHandBone" parent="RigPivot/Rig" index="3"]
transform = Transform3D(-0.970506, 0.239132, 0.0305687, -0.224861, -0.943634, 0.242882, 0.0869266, 0.228845, 0.969574, 0.34435, 0.963462, -0.0611608)

[node name="RayAttachment" type="BoneAttachment3D" parent="RigPivot/Rig"]
transform = Transform3D(-0.962344, -0.270797, -0.0237209, 0.24611, -0.905006, 0.346977, -0.115428, 0.328074, 0.937573, -0.33695, 0.973846, -0.0475234)
bone_name = "DEF-hand.R"
bone_idx = 51
use_external_skeleton = true
external_skeleton = NodePath("../CharacterRig/GameRig/Skeleton3D")

[node name="AttackCast" type="RayCast3D" parent="RigPivot/Rig/RayAttachment"]
unique_name_in_owner = true
transform = Transform3D(-3.8097e-09, 4.35451e-08, 1, 0.996196, 0.0871558, -4.42399e-16, -0.0871559, 0.996195, -4.37115e-08, -0.03, 0.075, -0.05)
target_position = Vector3(0, 1, 0)
script = ExtResource("3_6sy08")

[node name="PlayerDetector" type="ShapeCast3D" parent="RigPivot/Rig"]
transform = Transform3D(1, 0, 0, 0, 1, 0, 0, 0, 1, 0, 1, 0)
shape = SubResource("CapsuleShape3D_2kt5s")
target_position = Vector3(0, 0, 1)
collision_mask = 4

[node name="AreaAttack" parent="RigPivot/Rig" instance=ExtResource("4_3s0wc")]
transform = Transform3D(1, 0, 0, 0, 1, 0, 0, 0, 1, 0, 1, 1)
collision_mask = 4

[connection signal="defeat" from="HealthComponent" to="." method="_on_health_component_defeat"]
[connection signal="heavy_attack" from="RigPivot/Rig" to="." method="_on_rig_heavy_attack"]

[editable path="RigPivot/Rig"]
[editable path="RigPivot/Rig/CharacterRig"]
