[gd_scene load_steps=9 format=3 uid="uid://h8u7bc7iniob"]

[ext_resource type="Script" path="res://Player/player.gd" id="1_a2ujk"]
[ext_resource type="Script" path="res://Player/SmoothCameraArm.gd" id="2_fti2y"]
[ext_resource type="PackedScene" uid="uid://heag0q14bpcw" path="res://Components/health_component.tscn" id="2_pgvfr"]
[ext_resource type="PackedScene" uid="uid://dll3md5b5ql3s" path="res://Player/rig.tscn" id="3_e5684"]
[ext_resource type="Script" path="res://Player/AttackCast.gd" id="4_x0epg"]
[ext_resource type="PackedScene" uid="uid://dyi76ppuxawf8" path="res://Player/area_attack.tscn" id="6_a4ifm"]

[sub_resource type="CapsuleShape3D" id="CapsuleShape3D_r2qib"]

[sub_resource type="SeparationRayShape3D" id="SeparationRayShape3D_hgwvm"]

[node name="Player" type="CharacterBody3D"]
collision_layer = 5
script = ExtResource("1_a2ujk")

[node name="HealthComponent" parent="." instance=ExtResource("2_pgvfr")]

[node name="CollisionShape3D" type="CollisionShape3D" parent="."]
shape = SubResource("CapsuleShape3D_r2qib")

[node name="SmoothCameraArm" type="SpringArm3D" parent="." node_paths=PackedStringArray("target")]
transform = Transform3D(1, 0, 0, 0, 0.906308, 0.422618, 0, -0.422618, 0.906308, 0, 0, 0)
shape = SubResource("SeparationRayShape3D_hgwvm")
spring_length = 4.0
script = ExtResource("2_fti2y")
target = NodePath("../HorizontalPivot/VerticalPivot")

[node name="Camera3D" type="Camera3D" parent="SmoothCameraArm"]

[node name="HorizontalPivot" type="Node3D" parent="."]

[node name="VerticalPivot" type="Node3D" parent="HorizontalPivot"]

[node name="RigPivot" type="Node3D" parent="."]
transform = Transform3D(1, 0, 0, 0, 1, 0, 0, 0, 1, 0, -1, 0)

[node name="Rig" parent="RigPivot" instance=ExtResource("3_e5684")]

[node name="Skeleton3D" parent="RigPivot/Rig/CharacterRig/GameRig" index="0"]
bones/0/position = Vector3(4.44089e-15, 0.910238, -0.0481736)
bones/2/rotation = Quaternion(0.00666923, -0.00027814, 0.00321125, 0.999973)
bones/3/rotation = Quaternion(-0.0888372, -0.00028052, 0.00852465, 0.99601)
bones/4/rotation = Quaternion(0.270102, 1.44141e-08, 9.17228e-08, 0.962832)
bones/6/rotation = Quaternion(-0.16492, -1.17577e-07, -1.966e-08, 0.986307)
bones/7/position = Vector3(-2.92283e-08, 0.910238, -0.0481735)
bones/8/position = Vector3(-7.21306e-08, 0.910238, -0.0481735)
bones/9/position = Vector3(0.131144, 0.976442, -0.0351291)
bones/9/rotation = Quaternion(0.99427, 0.0202355, -0.0312541, 0.100205)
bones/11/rotation = Quaternion(0.394542, -0.000694952, 0.000298518, 0.918877)
bones/13/rotation = Quaternion(-0.740559, 0.0118447, 0.0243597, 0.671446)
bones/15/position = Vector3(-0.131144, 0.976442, -0.0351291)
bones/15/rotation = Quaternion(0.975836, -0.00527422, 0.0276745, 0.21668)
bones/17/rotation = Quaternion(0.420788, 0.00315275, -0.0014625, 0.907153)
bones/19/rotation = Quaternion(-0.677992, -0.0281376, -0.00145694, 0.734529)
bones/21/position = Vector3(0.0251286, 1.43988, 0.0472302)
bones/21/rotation = Quaternion(-0.470371, -0.267296, -0.416852, 0.730437)
bones/22/position = Vector3(0.191455, 1.47868, -0.00993691)
bones/22/rotation = Quaternion(0.0211065, -0.164043, 0.975488, -0.145147)
bones/23/rotation = Quaternion(8.44831e-08, -0.0391825, 1.12554e-08, 0.999232)
bones/24/rotation = Quaternion(0.351903, -0.0392855, -0.0219707, 0.934954)
bones/46/position = Vector3(-0.0113635, 1.43988, 0.0472302)
bones/46/rotation = Quaternion(-0.470807, 0.264547, 0.415533, 0.731907)
bones/47/position = Vector3(-0.17732, 1.47894, -0.0108485)
bones/47/rotation = Quaternion(-0.0106452, -0.147715, 0.976055, 0.159322)
bones/48/rotation = Quaternion(-6.00585e-09, 0.0571825, 3.25263e-08, 0.998364)
bones/49/rotation = Quaternion(0.392603, 0.057183, 0.0278953, 0.917505)
bones/71/position = Vector3(0.127191, 1.36083, -0.0244524)
bones/71/rotation = Quaternion(2.03102e-08, 0.598397, 0.8012, -4.58539e-08)
bones/72/position = Vector3(-0.113426, 1.36083, -0.0244525)
bones/72/rotation = Quaternion(2.03103e-08, 0.598397, 0.8012, -4.58539e-08)

[node name="RightHandBone" parent="RigPivot/Rig" index="2"]
transform = Transform3D(-0.962344, -0.270796, -0.0237209, 0.22124, -0.830949, 0.510466, -0.157943, 0.485996, 0.859571, -0.351136, 1.01251, 0.0298744)

[node name="LeftHandBone" parent="RigPivot/Rig" index="3"]
transform = Transform3D(-0.97055, 0.238975, 0.0303813, -0.20872, -0.897164, 0.389273, 0.120284, 0.371468, 0.920621, 0.348233, 0.995125, -0.00739617)

[node name="RayAttachment" type="BoneAttachment3D" parent="RigPivot/Rig"]
transform = Transform3D(-0.962344, -0.270796, -0.0237209, 0.22124, -0.830949, 0.510466, -0.157943, 0.485996, 0.859571, -0.351136, 1.01251, 0.0298744)
bone_name = "DEF-hand.R"
bone_idx = 51
use_external_skeleton = true
external_skeleton = NodePath("../CharacterRig/GameRig/Skeleton3D")

[node name="AttackCast" type="RayCast3D" parent="RigPivot/Rig/RayAttachment"]
unique_name_in_owner = true
transform = Transform3D(-3.8097e-09, 4.35451e-08, 1, 0.996196, 0.0871558, -4.42399e-16, -0.0871559, 0.996195, -4.37115e-08, -0.03, 0.075, -0.05)
target_position = Vector3(0, 1, 0)
collision_mask = 8
script = ExtResource("4_x0epg")

[node name="AreaAttack" parent="RigPivot" instance=ExtResource("6_a4ifm")]
transform = Transform3D(1, 0, 0, 0, 1, 0, 0, 0, 1, 0, 1, 1)
collision_mask = 8

[connection signal="defeat" from="HealthComponent" to="." method="_on_health_component_defeat"]
[connection signal="heavy_attack" from="RigPivot/Rig" to="." method="_on_rig_heavy_attack"]

[editable path="RigPivot/Rig"]
[editable path="RigPivot/Rig/CharacterRig"]
