[gd_scene load_steps=8 format=3 uid="uid://h8u7bc7iniob"]

[ext_resource type="Script" path="res://Player/player.gd" id="1_a2ujk"]
[ext_resource type="Script" path="res://Player/SmoothCameraArm.gd" id="2_fti2y"]
[ext_resource type="PackedScene" uid="uid://heag0q14bpcw" path="res://Components/health_component.tscn" id="2_pgvfr"]
[ext_resource type="PackedScene" uid="uid://dll3md5b5ql3s" path="res://Player/rig.tscn" id="3_e5684"]
[ext_resource type="Script" path="res://Player/AttackCast.gd" id="4_x0epg"]

[sub_resource type="CapsuleShape3D" id="CapsuleShape3D_r2qib"]

[sub_resource type="SeparationRayShape3D" id="SeparationRayShape3D_hgwvm"]

[node name="Player" type="CharacterBody3D"]
collision_layer = 5
script = ExtResource("1_a2ujk")

[node name="HealthComponent" parent="." instance=ExtResource("2_pgvfr")]

[node name="CollisionShape3D" type="CollisionShape3D" parent="."]
shape = SubResource("CapsuleShape3D_r2qib")

[node name="SmoothCameraArm" type="SpringArm3D" parent="." node_paths=PackedStringArray("target")]
transform = Transform3D(1, 0, 0, 0, 0.906308, 0.422618, 0, -0.422618, 0.906308, 0, 0, 0)
shape = SubResource("SeparationRayShape3D_hgwvm")
spring_length = 4.0
script = ExtResource("2_fti2y")
target = NodePath("../HorizontalPivot/VerticalPivot")

[node name="Camera3D" type="Camera3D" parent="SmoothCameraArm"]

[node name="HorizontalPivot" type="Node3D" parent="."]

[node name="VerticalPivot" type="Node3D" parent="HorizontalPivot"]

[node name="RigPivot" type="Node3D" parent="."]
transform = Transform3D(1, 0, 0, 0, 1, 0, 0, 0, 1, 0, -1, 0)

[node name="Rig" parent="RigPivot" instance=ExtResource("3_e5684")]

[node name="Skeleton3D" parent="RigPivot/Rig/CharacterRig/GameRig" index="0"]
bones/0/position = Vector3(8.45e-15, 0.897711, -0.0481735)
bones/2/rotation = Quaternion(-0.00142601, -0.00040934, 0.00321464, 0.999994)
bones/3/rotation = Quaternion(-0.0961089, -0.000375106, 0.00852028, 0.995334)
bones/4/rotation = Quaternion(0.276772, 1.55705e-08, 9.04981e-08, 0.960936)
bones/6/rotation = Quaternion(-0.156552, -1.17775e-07, -1.84336e-08, 0.98767)
bones/7/position = Vector3(-1.68719e-08, 0.897711, -0.0481734)
bones/8/position = Vector3(-6.94233e-08, 0.897711, -0.0481735)
bones/9/position = Vector3(0.131144, 0.963915, -0.0351291)
bones/9/rotation = Quaternion(0.993035, 0.0208661, -0.0309517, 0.111752)
bones/11/rotation = Quaternion(0.420548, -0.000700506, 0.00032485, 0.90727)
bones/13/rotation = Quaternion(-0.751729, 0.0118861, 0.0244049, 0.658913)
bones/15/position = Vector3(-0.131144, 0.963915, -0.0351291)
bones/15/rotation = Quaternion(0.973185, -0.00578442, 0.0273206, 0.228321)
bones/17/rotation = Quaternion(0.444554, 0.00329341, -0.00163461, 0.895745)
bones/19/rotation = Quaternion(-0.688319, -0.0281933, -0.00072556, 0.72486)
bones/21/position = Vector3(0.0251286, 1.42789, 0.0426676)
bones/21/rotation = Quaternion(-0.491693, -0.258668, -0.401214, 0.728255)
bones/22/position = Vector3(0.188713, 1.46489, -0.0229937)
bones/22/rotation = Quaternion(0.0480874, -0.159965, 0.974531, -0.14963)
bones/23/rotation = Quaternion(6.204e-08, -0.017403, 7.47646e-08, 0.999849)
bones/24/rotation = Quaternion(0.302325, -0.0174037, -0.0185419, 0.952866)
bones/46/position = Vector3(-0.0113635, 1.42789, 0.0426676)
bones/46/rotation = Quaternion(-0.509311, 0.222673, 0.376658, 0.741045)
bones/47/position = Vector3(-0.167735, 1.46536, -0.0384655)
bones/47/rotation = Quaternion(-0.072115, -0.137384, 0.973446, 0.168312)
bones/48/rotation = Quaternion(1.031e-07, 0.0156979, 1.16691e-07, 0.999877)
bones/49/rotation = Quaternion(0.335684, 0.0156983, 0.0289785, 0.941398)
bones/71/position = Vector3(0.127191, 1.34648, -0.0262447)
bones/71/rotation = Quaternion(1.9373e-08, 0.612107, 0.790775, -4.63836e-08)
bones/72/position = Vector3(-0.113426, 1.34648, -0.0262447)
bones/72/rotation = Quaternion(1.9373e-08, 0.612107, 0.790775, -4.63835e-08)

[node name="RightHandBone" parent="RigPivot/Rig" index="2"]
transform = Transform3D(-0.962343, -0.270801, -0.0237173, 0.239829, -0.886865, 0.394908, -0.127975, 0.374349, 0.918415, -0.341553, 0.984519, -0.0254194)

[node name="LeftHandBone" parent="RigPivot/Rig" index="3"]
transform = Transform3D(-0.970513, 0.239105, 0.0305251, -0.220805, -0.932657, 0.2853, 0.0966862, 0.270148, 0.957952, 0.345523, 0.972055, -0.0456978)

[node name="RayAttachment" type="BoneAttachment3D" parent="RigPivot/Rig"]
transform = Transform3D(-0.962343, -0.270801, -0.0237173, 0.239829, -0.886865, 0.394908, -0.127975, 0.374349, 0.918415, -0.341553, 0.984519, -0.0254194)
bone_name = "DEF-hand.R"
bone_idx = 51
use_external_skeleton = true
external_skeleton = NodePath("../CharacterRig/GameRig/Skeleton3D")

[node name="AttackCast" type="RayCast3D" parent="RigPivot/Rig/RayAttachment"]
unique_name_in_owner = true
transform = Transform3D(-3.8097e-09, 4.35451e-08, 1, 0.996196, 0.0871558, -4.42399e-16, -0.0871559, 0.996195, -4.37115e-08, -0.03, 0.075, -0.05)
target_position = Vector3(0, 1, 0)
collision_mask = 8
script = ExtResource("4_x0epg")

[connection signal="defeat" from="HealthComponent" to="." method="_on_health_component_defeat"]

[editable path="RigPivot/Rig"]
[editable path="RigPivot/Rig/CharacterRig"]
