[gd_scene load_steps=13 format=3 uid="uid://h8u7bc7iniob"]

[ext_resource type="Script" path="res://Player/player.gd" id="1_a2ujk"]
[ext_resource type="Script" path="res://Resources/CharacterStats.gd" id="2_5wtin"]
[ext_resource type="Script" path="res://Player/SmoothCameraArm.gd" id="2_fti2y"]
[ext_resource type="PackedScene" uid="uid://heag0q14bpcw" path="res://Components/health_component.tscn" id="2_pgvfr"]
[ext_resource type="PackedScene" uid="uid://dpbufb0ws3mkg" path="res://Player/dash.tscn" id="3_1ld0o"]
[ext_resource type="PackedScene" uid="uid://dll3md5b5ql3s" path="res://Player/rig.tscn" id="3_e5684"]
[ext_resource type="Script" path="res://Player/AttackCast.gd" id="4_x0epg"]
[ext_resource type="PackedScene" uid="uid://dyi76ppuxawf8" path="res://Player/area_attack.tscn" id="6_a4ifm"]
[ext_resource type="PackedScene" uid="uid://ccx00w8sbqrgl" path="res://UserInteface/user_interface.tscn" id="9_fvegr"]

[sub_resource type="Resource" id="Resource_a1ulm"]
script = ExtResource("2_5wtin")

[sub_resource type="CapsuleShape3D" id="CapsuleShape3D_r2qib"]

[sub_resource type="SeparationRayShape3D" id="SeparationRayShape3D_hgwvm"]

[node name="Player" type="CharacterBody3D" groups=["Player"]]
collision_layer = 5
script = ExtResource("1_a2ujk")
stats = SubResource("Resource_a1ulm")

[node name="HealthComponent" parent="." node_paths=PackedStringArray("body") instance=ExtResource("2_pgvfr")]
body = NodePath("..")

[node name="CollisionShape3D" type="CollisionShape3D" parent="."]
shape = SubResource("CapsuleShape3D_r2qib")

[node name="SmoothCameraArm" type="SpringArm3D" parent="." node_paths=PackedStringArray("target")]
transform = Transform3D(1, 0, 0, 0, 0.906308, 0.422618, 0, -0.422618, 0.906308, 0, 0, 0)
shape = SubResource("SeparationRayShape3D_hgwvm")
spring_length = 4.0
script = ExtResource("2_fti2y")
target = NodePath("../HorizontalPivot/VerticalPivot")

[node name="Camera3D" type="Camera3D" parent="SmoothCameraArm"]

[node name="HorizontalPivot" type="Node3D" parent="."]

[node name="VerticalPivot" type="Node3D" parent="HorizontalPivot"]

[node name="RigPivot" type="Node3D" parent="."]
transform = Transform3D(1, 0, 0, 0, 1, 0, 0, 0, 1, 0, -1, 0)

[node name="Rig" parent="RigPivot" instance=ExtResource("3_e5684")]

[node name="Skeleton3D" parent="RigPivot/Rig/CharacterRig/GameRig" index="0"]
bones/0/position = Vector3(3.37508e-15, 0.892537, -0.0481736)
bones/2/rotation = Quaternion(-0.00481445, -0.000464259, 0.00321578, 0.999983)
bones/3/rotation = Quaternion(-0.099076, -0.000413667, 0.00851829, 0.995043)
bones/4/rotation = Quaternion(0.279336, 1.41169e-08, 9.65895e-08, 0.960194)
bones/6/rotation = Quaternion(-0.153302, -1.18197e-07, -1.57121e-08, 0.988179)
bones/7/position = Vector3(-3.98188e-08, 0.892537, -0.0481735)
bones/8/position = Vector3(-6.11944e-08, 0.892537, -0.0481735)
bones/9/position = Vector3(0.131144, 0.958741, -0.0351291)
bones/9/rotation = Quaternion(0.992539, 0.0211104, -0.0308379, 0.116057)
bones/11/rotation = Quaternion(0.430465, -0.000700605, 0.000334284, 0.902607)
bones/13/rotation = Quaternion(-0.756002, 0.0119017, 0.0244282, 0.654005)
bones/15/position = Vector3(-0.131144, 0.958741, -0.0351291)
bones/15/rotation = Quaternion(0.97208, -0.00599037, 0.0271771, 0.232995)
bones/17/rotation = Quaternion(0.453867, 0.00334838, -0.00170562, 0.891062)
bones/19/rotation = Quaternion(-0.692371, -0.0282146, -0.000433588, 0.720989)
bones/21/position = Vector3(0.0251286, 1.42289, 0.0407721)
bones/21/rotation = Quaternion(-0.500557, -0.254936, -0.394761, 0.727058)
bones/22/position = Vector3(0.187485, 1.45897, -0.0283587)
bones/22/rotation = Quaternion(0.059197, -0.158248, 0.973919, -0.151444)
bones/23/rotation = Quaternion(4.68403e-08, -0.00838759, -1.67521e-08, 0.999965)
bones/24/rotation = Quaternion(0.28144, -0.00831331, -0.0169038, 0.959394)
bones/46/position = Vector3(-0.0113635, 1.42289, 0.0407721)
bones/46/rotation = Quaternion(-0.525199, 0.20484, 0.360334, 0.743213)
bones/47/position = Vector3(-0.162914, 1.45913, -0.0495546)
bones/47/rotation = Quaternion(-0.0974647, -0.13295, 0.971235, 0.171836)
bones/48/rotation = Quaternion(7.38339e-08, -0.00164588, 5.80019e-08, 0.999999)
bones/49/rotation = Quaternion(0.311632, -0.00164548, 0.028603, 0.949771)
bones/71/position = Vector3(0.127191, 1.34053, -0.0269678)
bones/71/rotation = Quaternion(1.89862e-08, 0.617738, 0.786384, -4.65909e-08)
bones/72/position = Vector3(-0.113426, 1.34053, -0.0269679)
bones/72/rotation = Quaternion(1.89862e-08, 0.617738, 0.786384, -4.65908e-08)

[node name="AnimationPlayer" parent="RigPivot/Rig/CharacterRig" index="1"]
autoplay = ""

[node name="RightHandBone" parent="RigPivot/Rig" index="2"]
transform = Transform3D(-0.962344, -0.270798, -0.0237203, 0.246381, -0.905773, 0.344779, -0.114851, 0.325952, 0.938384, -0.336731, 0.973376, -0.0485268)

[node name="LeftHandBone" parent="RigPivot/Rig" index="3"]
transform = Transform3D(-0.970491, 0.239181, 0.0306451, -0.225062, -0.944076, 0.240973, 0.0865674, 0.226965, 0.970048, 0.344315, 0.963115, -0.0618371)

[node name="RayAttachment" type="BoneAttachment3D" parent="RigPivot/Rig"]
transform = Transform3D(-0.962344, -0.270798, -0.0237203, 0.246381, -0.905773, 0.344779, -0.114851, 0.325952, 0.938384, -0.336731, 0.973376, -0.0485268)
bone_name = "DEF-hand.R"
bone_idx = 51
use_external_skeleton = true
external_skeleton = NodePath("../CharacterRig/GameRig/Skeleton3D")

[node name="AttackCast" type="RayCast3D" parent="RigPivot/Rig/RayAttachment"]
unique_name_in_owner = true
transform = Transform3D(-3.8097e-09, 4.35451e-08, 1, 0.996196, 0.0871558, -4.42399e-16, -0.0871559, 0.996195, -4.37115e-08, -0.03, 0.075, -0.05)
target_position = Vector3(0, 1, 0)
collision_mask = 8
script = ExtResource("4_x0epg")

[node name="AreaAttack" parent="RigPivot" instance=ExtResource("6_a4ifm")]
transform = Transform3D(1, 0, 0, 0, 1, 0, 0, 0, 1, 0, 1, 1)
collision_mask = 8

[node name="Dash" parent="RigPivot" node_paths=PackedStringArray("player") instance=ExtResource("3_1ld0o")]
transform = Transform3D(1, 0, 0, 0, 1, 0, 0, 0, 1, 0, 0.142484, 0)
player = NodePath("../..")

[node name="UserInterface" parent="." node_paths=PackedStringArray("player") instance=ExtResource("9_fvegr")]
player = NodePath("..")

[connection signal="defeat" from="HealthComponent" to="." method="_on_health_component_defeat"]
[connection signal="health_changed" from="HealthComponent" to="UserInterface" method="update_health"]
[connection signal="heavy_attack" from="RigPivot/Rig" to="." method="_on_rig_heavy_attack"]

[editable path="RigPivot/Rig"]
[editable path="RigPivot/Rig/CharacterRig"]
