[gd_scene load_steps=12 format=3 uid="uid://h8u7bc7iniob"]

[ext_resource type="Script" path="res://Player/player.gd" id="1_a2ujk"]
[ext_resource type="Script" path="res://Resources/CharacterStats.gd" id="2_5wtin"]
[ext_resource type="Script" path="res://Player/SmoothCameraArm.gd" id="2_fti2y"]
[ext_resource type="PackedScene" uid="uid://heag0q14bpcw" path="res://Components/health_component.tscn" id="2_pgvfr"]
[ext_resource type="PackedScene" uid="uid://dpbufb0ws3mkg" path="res://Player/dash.tscn" id="3_1ld0o"]
[ext_resource type="PackedScene" uid="uid://dll3md5b5ql3s" path="res://Player/rig.tscn" id="3_e5684"]
[ext_resource type="Script" path="res://Player/AttackCast.gd" id="4_x0epg"]
[ext_resource type="PackedScene" uid="uid://dyi76ppuxawf8" path="res://Player/area_attack.tscn" id="6_a4ifm"]

[sub_resource type="Resource" id="Resource_a1ulm"]
script = ExtResource("2_5wtin")

[sub_resource type="CapsuleShape3D" id="CapsuleShape3D_r2qib"]

[sub_resource type="SeparationRayShape3D" id="SeparationRayShape3D_hgwvm"]

[node name="Player" type="CharacterBody3D" groups=["Player"]]
collision_layer = 5
script = ExtResource("1_a2ujk")
stats = SubResource("Resource_a1ulm")

[node name="HealthComponent" parent="." node_paths=PackedStringArray("body") instance=ExtResource("2_pgvfr")]
body = NodePath("..")

[node name="CollisionShape3D" type="CollisionShape3D" parent="."]
shape = SubResource("CapsuleShape3D_r2qib")

[node name="SmoothCameraArm" type="SpringArm3D" parent="." node_paths=PackedStringArray("target")]
transform = Transform3D(1, 0, 0, 0, 0.906308, 0.422618, 0, -0.422618, 0.906308, 0, 0, 0)
shape = SubResource("SeparationRayShape3D_hgwvm")
spring_length = 4.0
script = ExtResource("2_fti2y")
target = NodePath("../HorizontalPivot/VerticalPivot")

[node name="Camera3D" type="Camera3D" parent="SmoothCameraArm"]

[node name="HorizontalPivot" type="Node3D" parent="."]

[node name="VerticalPivot" type="Node3D" parent="HorizontalPivot"]

[node name="RigPivot" type="Node3D" parent="."]
transform = Transform3D(1, 0, 0, 0, 1, 0, 0, 0, 1, 0, -1, 0)

[node name="Rig" parent="RigPivot" instance=ExtResource("3_e5684")]

[node name="Skeleton3D" parent="RigPivot/Rig/CharacterRig/GameRig" index="0"]
bones/0/position = Vector3(4.44089e-15, 0.910262, -0.0481736)
bones/2/rotation = Quaternion(0.00656452, -0.000279838, 0.00321127, 0.999973)
bones/3/rotation = Quaternion(-0.0888555, -0.000280756, 0.00852468, 0.996008)
bones/4/rotation = Quaternion(0.270159, 1.44169e-08, 9.17368e-08, 0.962816)
bones/6/rotation = Quaternion(-0.164848, -1.17578e-07, -1.96515e-08, 0.986319)
bones/7/position = Vector3(-3.36261e-08, 0.910262, -0.0481735)
bones/8/position = Vector3(-6.76014e-08, 0.910262, -0.0481735)
bones/9/position = Vector3(0.131144, 0.976466, -0.0351291)
bones/9/rotation = Quaternion(0.994261, 0.0202401, -0.0312519, 0.100289)
bones/11/rotation = Quaternion(0.394306, -0.000694877, 0.000298274, 0.918979)
bones/13/rotation = Quaternion(-0.74045, 0.0118443, 0.0243593, 0.671566)
bones/15/position = Vector3(-0.131144, 0.976466, -0.0351291)
bones/15/rotation = Quaternion(0.975841, -0.00527322, 0.0276752, 0.216657)
bones/17/rotation = Quaternion(0.420575, 0.00315149, -0.00146102, 0.907251)
bones/19/rotation = Quaternion(-0.678024, -0.0281378, -0.00145465, 0.7345)
bones/21/position = Vector3(0.0251286, 1.43979, 0.047198)
bones/21/rotation = Quaternion(-0.470186, -0.267369, -0.416989, 0.730451)
bones/22/position = Vector3(0.19149, 1.47887, -0.00976048)
bones/22/rotation = Quaternion(0.0208701, -0.164079, 0.975493, -0.145107)
bones/23/rotation = Quaternion(6.30087e-08, -0.0394752, 8.80882e-08, 0.999221)
bones/24/rotation = Quaternion(0.352405, -0.0395095, -0.0220019, 0.934754)
bones/46/position = Vector3(-0.0113635, 1.43979, 0.047198)
bones/46/rotation = Quaternion(-0.470411, 0.264968, 0.415928, 0.731785)
bones/47/position = Vector3(-0.177403, 1.47907, -0.01056)
bones/47/rotation = Quaternion(-0.0100129, -0.147818, 0.976062, 0.159227)
bones/48/rotation = Quaternion(1.1759e-07, 0.0576047, 2.08083e-07, 0.99834)
bones/49/rotation = Quaternion(0.393178, 0.0576052, 0.0278692, 0.917233)
bones/71/position = Vector3(0.127191, 1.36079, -0.024458)
bones/71/rotation = Quaternion(2.0319e-08, 0.598268, 0.801296, -4.58488e-08)
bones/72/position = Vector3(-0.113426, 1.36079, -0.024458)
bones/72/rotation = Quaternion(2.03191e-08, 0.598268, 0.801296, -4.58487e-08)

[node name="AnimationPlayer" parent="RigPivot/Rig/CharacterRig" index="1"]
autoplay = ""

[node name="RightHandBone" parent="RigPivot/Rig" index="2"]
transform = Transform3D(-0.962344, -0.270797, -0.02372, 0.221031, -0.830303, 0.511607, -0.158236, 0.487099, 0.858892, -0.35122, 1.01281, 0.0304361)

[node name="LeftHandBone" parent="RigPivot/Rig" index="3"]
transform = Transform3D(-0.970511, 0.239116, 0.0305389, -0.208647, -0.896703, 0.390372, 0.120729, 0.372489, 0.92015, 0.348303, 0.995431, -0.00696959)

[node name="RayAttachment" type="BoneAttachment3D" parent="RigPivot/Rig"]
transform = Transform3D(-0.962344, -0.270797, -0.02372, 0.221031, -0.830303, 0.511607, -0.158236, 0.487099, 0.858892, -0.35122, 1.01281, 0.0304361)
bone_name = "DEF-hand.R"
bone_idx = 51
use_external_skeleton = true
external_skeleton = NodePath("../CharacterRig/GameRig/Skeleton3D")

[node name="AttackCast" type="RayCast3D" parent="RigPivot/Rig/RayAttachment"]
unique_name_in_owner = true
transform = Transform3D(-3.8097e-09, 4.35451e-08, 1, 0.996196, 0.0871558, -4.42399e-16, -0.0871559, 0.996195, -4.37115e-08, -0.03, 0.075, -0.05)
target_position = Vector3(0, 1, 0)
collision_mask = 8
script = ExtResource("4_x0epg")

[node name="AreaAttack" parent="RigPivot" instance=ExtResource("6_a4ifm")]
transform = Transform3D(1, 0, 0, 0, 1, 0, 0, 0, 1, 0, 1, 1)
collision_mask = 8

[node name="Dash" parent="RigPivot" node_paths=PackedStringArray("player") instance=ExtResource("3_1ld0o")]
transform = Transform3D(1, 0, 0, 0, 1, 0, 0, 0, 1, 0, 0.142484, 0)
player = NodePath("../..")

[connection signal="defeat" from="HealthComponent" to="." method="_on_health_component_defeat"]
[connection signal="heavy_attack" from="RigPivot/Rig" to="." method="_on_rig_heavy_attack"]

[editable path="RigPivot/Rig"]
[editable path="RigPivot/Rig/CharacterRig"]
